今日幸运数字（2019年10月24日）：
	33, 24, 28, 15, 31, 29, 8
	24, 28, 15, 31, 29, 9, 4
	28, 15, 31, 29, 9, 23, 2
	5, 20, 2, 29, 3, 4, 15
	5, 26, 8, 4, 9, 33, 11
今日幸运数字（2019年10月25日）：
	33, 24, 28, 15, 31, 29, 8
	24, 28, 15, 31, 29, 9, 4
	28, 15, 31, 29, 9, 23, 2
	4, 21, 20, 27, 7, 29, 4
	14, 26, 4, 21, 27, 9, 12
今日幸运数字（2019年10月29日）：
	33, 24, 28, 15, 31, 29, 8
	24, 28, 15, 31, 29, 9, 4
	28, 15, 31, 29, 9, 23, 2
	15, 19, 22, 28, 2, 5, 13
	2, 30, 33, 27, 10, 21, 3
今日幸运数字（2019年11月01日）：
	33, 24, 28, 15, 31, 29, 8
	24, 28, 15, 31, 29, 9, 4
	28, 15, 31, 29, 9, 23, 2
	10, 14, 30, 32, 31, 4, 9
	24, 21, 9, 26, 29, 8, 3
